0.139026
0.156353
0.178218
0.208746
0.25
0.295792
0.335809
0.367987
0.403878
0.450908
0.497112
0.542904
0.585809
0.631601
0.674092
0.704208
0.716584
0.726898
0.74505
0.787954
0.853135
0.901403
0.931106
0.940182
0.938944
0.948432
0.971122
0.992162
1
0.996287
0.988449
0.962459
0.928218
0.889851
0.865512
0.863861
0.867987
0.857261
0.823432
0.792079
0.769802
0.754125
0.735974
0.713284
0.687706
0.681518
0.668729
0.632013
0.589521
0.554043
0.535891
0.544142
0.575908
0.592822
0.590347
0.583333
0.571782
0.560644
0.55363
0.55198
0.557343
0.560231
0.551568
0.523515
0.485561
0.458333
0.443894
0.436881
0.417904
0.384901
0.357261
0.339109
0.331271
0.332921
0.32632
0.312294
0.296617
0.278053
0.260726
0.246287
0.241337
0.238036
0.233086
0.22731
0.211221
0.188944
0.17368
0.164604
0.155941
0.153465
0.162129
0.162129
0.153878
0.146452
0.137376
0.128713
0.122525
0.118812
0.115099
0.109736
0.101485
0.0878713
0.0726073
0.064769
0.0622937
0.0643564
0.0693069
0.0738449
0.0742574
0.0697195
0.0709571
0.0779703
0.0820957
0.0874587
0.089934
0.089934
0.0969472
0.110149
0.127063
0.14604
0.166667
0.184818
0.195545
0.200495
0.209571
0.221535
0.235149
0.254125
0.268977
0.274752
0.282591
0.292079
0.299092
0.312294
0.326733
0.337871
0.366337
0.393152
0.403465
0.410891
0.419554
0.424505
0.429043
0.428218
0.425743
0.436056
0.443482
0.469884
0.509901
0.560644
0.618812
0.653878
0.694307
0.740924
0.766914
0.791254
0.816832
0.837046
0.874587
0.896865
0.877475
0.846122
0.825495
0.832921
0.852723
0.869637
0.880776
0.883663
0.883663
0.87005
0.845297
0.815182
0.801155
0.788366
0.773102
0.758663
0.719059
0.679455
0.660891
0.637376
0.612211
0.60231
0.586221
0.57137
0.566832
0.564356
0.549505
0.523515
0.510726
0.515264
0.514851
0.512789
0.517327
0.515264
0.511964
0.509901
0.502475
0.493812
0.489686
0.491749
0.492574
0.477723
0.463696
0.465759
0.466172
0.458333
0.455033
0.450908
0.435231
0.42698
0.429455
0.42203
0.404703
0.388201
0.372937
0.359323
0.346947
0.338284
0.337046
0.341997
0.344059
0.334571
0.318069
0.302805
0.287129
0.271452
0.258251
0.245875
0.235561
0.226073
0.210809
0.190594
0.175743
0.162541
0.15264
0.151815
0.150165
0.146452
0.142327
0.134076
0.122112
0.111799
0.10066
0.0907591
0.0792079
0.0709571
0.0618812
0.0482673
0.0383663
0.0321782
0.0247525
0.019802
0.0173267
0.0144389
0.0156766
0.0181518
0.0206271
0.0202145
0.019802
0.0222772
0.0280528
0.0330033
0.0354785
0.0383663
0.049505
0.0622937
0.0713696
0.0808581
0.0969472
0.120875
0.140677
0.158003
0.176155
0.193482
0.219472
0.245462
0.258251
0.271865
0.292492
0.316007
0.341172
0.37005
0.393152
0.409653
0.433581
0.465347
0.493399
0.519802
0.551155
0.581271
0.607673
0.637376
0.662541
0.67863
0.700908
0.720297
0.724422
0.724422
0.72731
0.72566
0.726073
0.738449
0.752888
0.757838
0.751238
0.738449
0.731023
0.735974
0.733911
0.72401
0.721122
0.730611
0.723185
0.700083
0.680693
0.662129
0.652228
0.641089
0.619224
0.599422
0.594884
0.590759
0.567657
0.534241
0.522277
0.523515
0.520627
0.512376
0.50165
0.488861
0.479785
0.465759
0.44802
0.440594
0.445545
0.448845
0.441007
0.423267
0.39604
0.377888
0.358498
0.343234
0.338284
0.334158
0.337459
0.337459
0.334158
0.332508
0.326733
0.32797
0.340759
0.350248
0.354785
0.354785
0.359323
0.361799
0.354785
0.34901
0.337871
0.327145
0.32302
0.313119
0.296205
0.281353
0.273515
0.265677
0.249587
0.233498
0.222772
0.216997
0.211634
0.20297
0.192244
0.179455
0.168317
0.15429
0.141502
0.135726
0.12995
0.121287
0.107261
0.084571
0.0672442
0.0581683
0.0507426
0.0424917
0.0363036
0.0321782
0.0305281
0.0309406
0.0309406
0.0387789
0.0511551
0.0598185
0.0684818
0.0820957
0.0977723
0.112624
0.127888
0.142739
0.161304
0.184818
0.212046
0.237211
0.261139
0.287129
0.307343
0.316007
0.339521
0.383663
0.414604
0.436056
0.458746
0.467822
0.47236
0.488449
0.503713
0.523927
0.570132
0.634076
0.688944
0.717409
0.746287
0.788366
0.825495
0.866337
0.911304
0.938531
0.948845
0.955033
0.953795
0.950495
0.942657
0.921205
0.900165
0.879125
0.85066
0.818069
0.789604
0.766089
0.752475
0.74835
0.731023
0.698432
0.669967
0.664604
0.67038
0.666254
0.671205
0.684818
0.690594
0.690594
0.691007
0.689356
0.688119
0.683581
0.659241
0.62335
0.593647
0.575495
0.549092
0.514026
0.481848
0.455446
0.438119
0.418317
0.391502
0.363861
0.350248
0.34736
0.34571
0.344059
0.336634
0.327558
0.316419
0.302805
0.283828
0.258663
0.242574
0.238036
0.227723
0.214109
0.194307
0.165017
0.144389
0.130776
0.121287
0.112624
0.106848
0.104785
0.10231
0.0936469
0.0841584
0.0759076
0.070132
0.0693069
0.0697195
0.0726073
0.0705446
0.0680693
0.070132
0.0713696
0.0643564
0.0627063
0.0713696
0.0796205
0.0804455
0.0771452
0.0783828
0.0779703
0.0771452
0.0767327
0.0688944
0.0622937
0.0606436
0.054868
0.0457921
0.0391914
0.035066
0.0317657
0.0264026
0.0218647
0.0173267
0.0140264
0.0127888
0.0103135
0.00618812
0.00577558
0.00660066
0.0049505
0.00660066
0.0119637
0.015264
0.0185644
0.0243399
0.0288779
0.0375413
0.0519802
0.0651815
0.0742574
0.0841584
0.0985974
0.110974
0.125825
0.153878
0.179868
0.193482
0.205033
0.214934
0.226073
0.242574
0.261139
0.27599
0.289191
0.312706
0.331271
0.330446
0.332921
0.346122
0.358086
0.365512
0.372525
0.382013
0.398927
0.417492
0.419142
0.405528
0.391502
0.387789
0.387376
0.394389
0.401403
0.40429
0.402228
0.388614
0.377888
0.364686
0.364274
0.383251
0.394802
0.394802
0.400578
0.407591
0.417492
0.436056
0.456271
0.480611
0.491749
0.5
0.502888
0.488036
0.482673
0.488449
0.480611
0.456683
0.434406
0.412541
0.393977
0.379125
0.362211
0.358086
0.369224
0.382013
0.384488
0.376238
0.367574
0.363036
0.354373
0.343234
0.32632
0.315594
0.314356
0.299092
0.27104
0.244224
0.224422
0.209571
0.195957
0.178218
0.167079
0.158828
0.149752
0.130776
0.105198
0.0915842
0.0849835
0.080033
0.0792079
0.0763201
0.0717822
0.0730198
0.0771452
0.080033
0.0792079
0.0783828
0.0787954
0.07467
0.0684818
0.060231
0.0490924
0.0441419
0.0433168
0.0429043
0.0400165
0.0325908
0.029703
0.029703
0.0288779
0.0276403
0.0259901
0.0276403
0.0346535
0.0391914
0.0383663
0.0354785
0.0325908
0.0338284
0.0330033
0.0301155
0.0288779
0.0288779
0.0280528
0.0272277
0.0243399
0.0239274
0.029703
0.0346535
0.0379538
0.040429
0.0490924
0.0565182
0.0635314
0.0792079
0.103135
0.130363
0.150578
0.168317
0.190594
0.211221
0.227723
0.250413
0.281766
0.308581
0.334158
0.358911
0.3783
0.391502
0.415842
0.438119
0.445957
0.458333
0.478135
0.492987
0.493812
0.497525
0.507426
0.514439
0.519802
0.526815
0.538366
0.550743
0.557756
0.563119
0.570545
0.577145
0.582921
0.582096
0.576733
0.579208
0.586634
0.594059
0.582508
0.561881
0.557343
0.550743
0.535891
0.520215
0.509488
0.507013
0.508251
0.497112
0.479785
0.455033
0.438119
0.435231
0.430693
0.426155
0.426568
0.419554
0.407178
0.401815
0.389439
0.368812
0.35066
0.343647
0.330858
0.320132
0.309818
0.295792
0.285479
0.280528
0.27599
0.261139
0.251238
0.245462
0.232261
0.216584
0.209983
0.20462
0.196782
0.183993
0.172855
0.167492
0.166254
0.171205
0.169142
0.165842
0.170792
0.168317
0.165842
0.164604
0.166667
0.17863
0.179455
0.17038
0.159653
0.14604
0.139851
0.134901
0.129125
0.12995
0.122937
0.107261
0.0936469
0.0808581
0.0734323
0.070132
0.0684818
0.0672442
0.064769
0.0676568
0.0672442
0.0635314
0.0622937
0.0627063
0.0627063
0.0618812
0.0577558
0.0523927
0.0462046
0.0420792
0.0363036
0.0301155
0.0268152
0.0231023
0.019802
0.0165017
0.0119637
0.00907591
0.00866337
0.0103135
0.0111386
0.0123762
0.0148515
0.0127888
0.00948845
0.00825083
0.00866337
0.0111386
0.0165017
0.0218647
0.0243399
0.025165
0.0309406
0.0363036
0.0437294
0.054868
0.0622937
0.0742574
0.0895215
0.0981848
0.105611
0.122112
0.144802
0.164191
0.172855
0.181931
0.193482
0.205446
0.219884
0.233498
0.24835
0.262376
0.272277
0.274752
0.275578
0.284653
0.308993
0.332096
0.336634
0.337871
0.342409
0.351073
0.357261
0.364686
0.379125
0.405941
0.425743
0.423267
0.405116
0.391914
0.398515
0.405941
0.412954
0.425743
0.431518
0.42863
0.411304
0.374175
0.357261
0.368812
0.399752
0.420792
0.418729
0.413779
0.403053
0.381188
0.367574
0.377475
0.399752
0.419554
0.421205
0.405528
0.373762
0.343234
0.335396
0.336221
0.337871
0.337459
0.344884
0.355611
0.346947
0.332508
0.325908
0.328795
0.337459
0.351898
0.355198
0.346535
0.337871
0.32962
0.308993
0.27599
0.269802
0.280116
0.287129
0.282591
0.269802
0.252475
0.232673
0.221947
0.214934
0.205858
0.19637
0.189356
0.180281
0.159653
0.131601
0.110974
0.0977723
0.0874587
0.0858086
0.084571
0.0779703
0.0721947
0.0668317
0.0581683
0.0416667
0.0313531
0.0301155
0.0280528
0.0247525
0.0214521
0.0169142
0.0123762
0.0115512
0.0119637
0.0107261
0.0111386
0.0132013
0.0127888
0.0132013
0.0148515
0.0165017
0.0160891
0.0136139
0.0111386
0.00907591
0.00742574
0.0070132
0.00453795
0.00165017
0.00123762
0.000412541
0
0
0.000412541
0.00618812
0.0123762
0.0169142
0.0214521
0.0247525
0.0301155
0.0346535
0.0408416
0.0507426
0.0618812
0.0787954
0.100248
0.117574
0.132426
0.156766
0.192244
0.22896
0.257013
0.280528
0.301155
0.311881
0.321782
0.332096
0.343647
0.360561
0.381188
0.392739
0.387376
0.372112
0.360974
0.358911
0.365099
0.377063
0.390677
0.403878
0.416254
0.42533
0.437294
0.462459
0.494637
0.547855
0.606436
0.636551
0.651403
0.682343
0.710396
0.714521
0.705858
0.70132
0.692244
0.665429
0.64604
0.627475
0.598185
0.587871
0.587871
0.563944
0.530116
0.520215
0.52269
0.513201
0.508251
0.52599
0.528465
0.507013
0.490512
0.47401
0.45297
0.433993
0.427805
0.421205
0.415017
0.405528
0.379125
0.342822
0.311469
0.286304
0.266914
0.260726
0.255363
0.25
0.242574
0.229785
0.209983
0.202558
0.20462
0.200083
0.202558
0.207921
0.203383
0.188944
0.177393
0.17203
0.163779
0.157591
0.165017
0.166667
0.156766
0.144802
0.127888
0.114274
0.106023
0.0985974
0.0924092
0.0886964
0.085396
0.0763201
0.0544554
0.0383663
0.0354785
0.035066
0.0338284
0.0301155
0.0309406
0.0346535
0.0371287
0.0338284
0.0284653
0.0284653
0.0288779
0.0301155
0.0363036
0.0457921
0.0569307
0.0693069
0.0783828
0.0858086
0.0932343
0.10066
0.106023
0.112624
0.122525
0.132838
0.145215
0.158003
0.167904
0.176155
0.191419
0.214109
0.236799
0.27104
0.313531
0.34571
0.3717
0.386551
0.394802
0.408003
0.419554
0.430281
0.437294
0.438119
0.439356
0.434406
